15 20.
14.
C 10 7.
C 10 13.  
V 9 7.
T 9 13.  
C 8 7.
T 8 13. 
V 7 7. 
C 7 13.  
F 6 7.
F 6 13.  
T 5 7.
T 5 13.  
C 4 7.
V 4 13.  
0 0 0 0 0 0 0 0 0 0 0 0 1 0. 
0 0 0 1 0 0 0 1 0 0 0 0 0 0.
0 0 0 1 0 0 1 1 0 0 0 0 0 0. 
0 1 1 0 0 0 0 1 0 0 0 0 0 0. 
0 0 0 0 0 1 1 0 1 0 0 0 0 0. 
0 0 0 0 1 0 0 0 1 0 1 0 0 0. 
0 0 1 0 1 0 0 1 1 1 0 0 0 0. 
0 1 1 1 0 0 1 0 0 1 0 0 0 0. 
0 0 0 0 1 1 1 0 0 1 1 1 0 0. 
0 0 0 0 0 0 1 1 1 0 0 1 0 0. 
0 0 0 0 0 1 0 0 1 0 0 1 1 1. 
0 0 0 0 0 0 0 0 1 1 1 0 0 1. 
1 0 0 0 0 0 0 0 0 0 1 0 0 1. 
0 0 0 0 0 0 0 0 0 0 1 1 1 0.